<?xml version="1.0" encoding="iso-8859-1"?>
<!DOCTYPE Grains3D SYSTEM "../dtd/Grains3D.dtd">

<Grains3D Type="MPI">
  <Construction>    
    <Recipient LX="0.30" LY="0.30" LZ="0.12"/>
    <Origine OX="0." OY="0." OZ="0.00"/>    
    <DomainDecomposition NX="3" NY="1" NZ="2"/>
    <MPI Strategie="SRLocalCommOpt" VerbosityLevel="0"/>
    <MPIperiodes X="0" Y="0" Z="1"/>
        
    <Contacts>
      <Contact>
	<Material materiauA="matP" materiauB="matP"/>
	<ERContact>
	  <stiff>5.e+4</stiff>
	  <muc>0.58</muc>
	  <en>0.7</en>
	  <mut>1.e+5</mut>
	  <kms>0.</kms>
	  <color>0</color>
	</ERContact>	  
      </Contact>   
      <Contact>
	<Material materiauA="matP" materiauB="matW"/>
	<ERContact>
	  <stiff>5.e+4</stiff>
	  <muc>0.7</muc>
	  <en>0.3</en>
	  <mut>1.e+5</mut>
	  <kms>0.</kms>
	  <color>0</color>
	</ERContact>	  
      </Contact>   
    </Contacts>

    <Particules>
      <Particule Nombre="16934" MasseVolumique="1200">
        <Convex RayonInteraction="2e-4">
          <Polyhedron Name="Grains/Init/cube0.004.insert"/>
        </Convex>
        <Orientation Type="Unite"></Orientation>
        <Materiau>matP</Materiau>
        <Couleur R="1." V=".1" B=".1"/>
      </Particule>
      <Particule Nombre="2117" MasseVolumique="1200">
        <Convex RayonInteraction="4.e-4">
          <Polyhedron Name="Grains/Init/cube0.008.insert"/>
        </Convex>
        <Orientation Type="Unite"></Orientation>
        <Materiau>matP</Materiau>
        <Couleur R="1." V=".1" B=".1"/>
      </Particule>
    </Particules>

    <Obstacles>
      <Composite name="drum12cm">
        <Obstacle name="drum12cm1">
          <Convex RayonInteraction="5e-05">
            <Box LX="0.012817728" LY="0.12" LZ="0.005"/>
          </Convex>
          <Centre X="0.286926336894" Y="0.157773601519" Z="0.06"/>
          <Orientation Type="Matrice">
          -0.0896393089034	0.0	-0.995974293995
          0.995974293995	0.0	-0.0896393089034
          0.0	-1.0	0.0
          </Orientation>
          <Materiau>matW</Materiau>
        </Obstacle>
        <Obstacle name="drum12cm2">
          <Convex RayonInteraction="5e-05">
            <Box LX="0.012817728" LY="0.12" LZ="0.005"/>
          </Convex>
          <Centre X="0.285209966375" Y="0.170444357509" Z="0.06"/>
          <Orientation Type="Matrice">
          -0.178556894799	0.0	-0.983929588599
          0.983929588599	0.0	-0.178556894799
          0.0	-1.0	0.0
          </Orientation>
          <Materiau>matW</Materiau>
        </Obstacle>
        <Obstacle name="drum12cm3">
          <Convex RayonInteraction="5e-05">
            <Box LX="0.012817728" LY="0.12" LZ="0.005"/>
          </Convex>
          <Centre X="0.282364707649" Y="0.182910250493" Z="0.06"/>
          <Orientation Type="Matrice">
          -0.266036845567	0.0	-0.963962860696
          0.963962860696	0.0	-0.266036845567
          0.0	-1.0	0.0
          </Orientation>
          <Materiau>matW</Materiau>
        </Obstacle>
        <Obstacle name="drum12cm4">
          <Convex RayonInteraction="5e-05">
            <Box LX="0.012817728" LY="0.12" LZ="0.005"/>
          </Convex>
          <Centre X="0.278413469066" Y="0.195070912432" Z="0.06"/>
          <Orientation Type="Matrice">
          -0.351374824081	0.0	-0.93623487064
          0.93623487064	0.0	-0.351374824081
          0.0	-1.0	0.0
          </Orientation>
          <Materiau>matW</Materiau>
        </Obstacle>
        <Obstacle name="drum12cm5">
          <Convex RayonInteraction="5e-05">
            <Box LX="0.012817728" LY="0.12" LZ="0.005"/>
          </Convex>
          <Centre X="0.273388063676" Y="0.206828432824" Z="0.06"/>
          <Orientation Type="Matrice">
          -0.433883739118	0.0	-0.900968867902
          0.900968867902	0.0	-0.433883739118
          0.0	-1.0	0.0
          </Orientation>
          <Materiau>matW</Materiau>
        </Obstacle>
        <Obstacle name="drum12cm6">
          <Convex RayonInteraction="5e-05">
            <Box LX="0.012817728" LY="0.12" LZ="0.005"/>
          </Convex>
          <Centre X="0.267328953088" Y="0.21808814703" Z="0.06"/>
          <Orientation Type="Matrice">
          -0.512899277406	0.0	-0.858448793602
          0.858448793602	0.0	-0.512899277406
          0.0	-1.0	0.0
          </Orientation>
          <Materiau>matW</Materiau>
        </Obstacle>
        <Obstacle name="drum12cm7">
          <Convex RayonInteraction="5e-05">
            <Box LX="0.012817728" LY="0.12" LZ="0.005"/>
          </Convex>
          <Centre X="0.260284921698" Y="0.228759398452" Z="0.06"/>
          <Orientation Type="Matrice">
          -0.587785252292	0.0	-0.809016994375
          0.809016994375	0.0	-0.587785252292
          0.0	-1.0	0.0
          </Orientation>
          <Materiau>matW</Materiau>
        </Obstacle>
        <Obstacle name="drum12cm8">
          <Convex RayonInteraction="5e-05">
            <Box LX="0.012817728" LY="0.12" LZ="0.005"/>
          </Convex>
          <Centre X="0.252312683906" Y="0.238756268446" Z="0.06"/>
          <Orientation Type="Matrice">
          -0.65793872594	0.0	-0.753071466004
          0.753071466004	0.0	-0.65793872594
          0.0	-1.0	0.0
          </Orientation>
          <Materiau>matW</Materiau>
        </Obstacle>
        <Obstacle name="drum12cm9">
          <Convex RayonInteraction="5e-05">
            <Box LX="0.012817728" LY="0.12" LZ="0.005"/>
          </Convex>
          <Centre X="0.243476427481" Y="0.247998268095" Z="0.06"/>
          <Orientation Type="Matrice">
          -0.722794863827	0.0	-0.691062648987
          0.691062648987	0.0	-0.722794863827
          0.0	-1.0	0.0
          </Orientation>
          <Materiau>matW</Materiau>
        </Obstacle>
        <Obstacle name="drum12cm10">
          <Convex RayonInteraction="5e-05">
            <Box LX="0.012817728" LY="0.12" LZ="0.005"/>
          </Convex>
          <Centre X="0.233847296765" Y="0.256410986252" Z="0.06"/>
          <Orientation Type="Matrice">
          -0.781831482468	0.0	-0.623489801859
          0.623489801859	0.0	-0.781831482468
          0.0	-1.0	0.0
          </Orientation>
          <Materiau>matW</Materiau>
        </Obstacle>
        <Obstacle name="drum12cm11">
          <Convex RayonInteraction="5e-05">
            <Box LX="0.012817728" LY="0.12" LZ="0.005"/>
          </Convex>
          <Centre X="0.223502819857" Y="0.263926688655" Z="0.06"/>
          <Orientation Type="Matrice">
          -0.834573253721	0.0	-0.550896981452
          0.550896981452	0.0	-0.834573253721
          0.0	-1.0	0.0
          </Orientation>
          <Materiau>matW</Materiau>
        </Obstacle>
        <Obstacle name="drum12cm12">
          <Convex RayonInteraction="5e-05">
            <Box LX="0.012817728" LY="0.12" LZ="0.005"/>
          </Convex>
          <Centre X="0.212526284402" Y="0.27048486329" Z="0.06"/>
          <Orientation Type="Matrice">
          -0.880595531857	0.0	-0.473868662473
          0.473868662473	0.0	-0.880595531857
          0.0	-1.0	0.0
          </Orientation>
          <Materiau>matW</Materiau>
        </Obstacle>
        <Obstacle name="drum12cm13">
          <Convex RayonInteraction="5e-05">
            <Box LX="0.012817728" LY="0.12" LZ="0.005"/>
          </Convex>
          <Centre X="0.201006067011" Y="0.276032707589" Z="0.06"/>
          <Orientation Type="Matrice">
          -0.919527772551	0.0	-0.393025031654
          0.393025031654	0.0	-0.919527772551
          0.0	-1.0	0.0
          </Orientation>
          <Materiau>matW</Materiau>
        </Obstacle>
        <Obstacle name="drum12cm14">
          <Convex RayonInteraction="5e-05">
            <Box LX="0.012817728" LY="0.12" LZ="0.005"/>
          </Convex>
          <Centre X="0.189034921698" Y="0.280525553572" Z="0.06"/>
          <Orientation Type="Matrice">
          -0.951056516295	0.0	-0.309016994375
          0.309016994375	0.0	-0.951056516295
          0.0	-1.0	0.0
          </Orientation>
          <Materiau>matW</Materiau>
        </Obstacle>
        <Obstacle name="drum12cm15">
          <Convex RayonInteraction="5e-05">
            <Box LX="0.012817728" LY="0.12" LZ="0.005"/>
          </Convex>
          <Centre X="0.176709233089" Y="0.283927227486" Z="0.06"/>
          <Orientation Type="Matrice">
          -0.974927912182	0.0	-0.222520933956
          0.222520933956	0.0	-0.974927912182
          0.0	-1.0	0.0
          </Orientation>
          <Materiau>matW</Materiau>
        </Obstacle>
        <Obstacle name="drum12cm16">
          <Convex RayonInteraction="5e-05">
            <Box LX="0.012817728" LY="0.12" LZ="0.005"/>
          </Convex>
          <Centre X="0.164128240379" Y="0.286210341052" Z="0.06"/>
          <Orientation Type="Matrice">
          -0.990949761768	0.0	-0.134233265818
          0.134233265818	0.0	-0.990949761768
          0.0	-1.0	0.0
          </Orientation>
          <Materiau>matW</Materiau>
        </Obstacle>
        <Obstacle name="drum12cm17">
          <Convex RayonInteraction="5e-05">
            <Box LX="0.012817728" LY="0.12" LZ="0.005"/>
          </Convex>
          <Centre X="0.151393238325" Y="0.287356511982" Z="0.06"/>
          <Orientation Type="Matrice">
          -0.998993066541	0.0	-0.0448648303505
          0.0448648303505	0.0	-0.998993066541
          0.0	-1.0	0.0
          </Orientation>
          <Materiau>matW</Materiau>
        </Obstacle>
        <Obstacle name="drum12cm18">
          <Convex RayonInteraction="5e-05">
            <Box LX="0.012817728" LY="0.12" LZ="0.005"/>
          </Convex>
          <Centre X="0.138606761675" Y="0.287356511982" Z="0.06"/>
          <Orientation Type="Matrice">
          -0.998993066541	0.0	0.0448648303505
          -0.0448648303505	0.0	-0.998993066541
          0.0	-1.0	0.0
          </Orientation>
          <Materiau>matW</Materiau>
        </Obstacle>
        <Obstacle name="drum12cm19">
          <Convex RayonInteraction="5e-05">
            <Box LX="0.012817728" LY="0.12" LZ="0.005"/>
          </Convex>
          <Centre X="0.125871759621" Y="0.286210341052" Z="0.06"/>
          <Orientation Type="Matrice">
          -0.990949761768	0.0	0.134233265818
          -0.134233265818	0.0	-0.990949761768
          0.0	-1.0	0.0
          </Orientation>
          <Materiau>matW</Materiau>
        </Obstacle>
        <Obstacle name="drum12cm20">
          <Convex RayonInteraction="5e-05">
            <Box LX="0.012817728" LY="0.12" LZ="0.005"/>
          </Convex>
          <Centre X="0.113290766911" Y="0.283927227486" Z="0.06"/>
          <Orientation Type="Matrice">
          -0.974927912182	0.0	0.222520933956
          -0.222520933956	0.0	-0.974927912182
          0.0	-1.0	0.0
          </Orientation>
          <Materiau>matW</Materiau>
        </Obstacle>
        <Obstacle name="drum12cm21">
          <Convex RayonInteraction="5e-05">
            <Box LX="0.012817728" LY="0.12" LZ="0.005"/>
          </Convex>
          <Centre X="0.100965078302" Y="0.280525553572" Z="0.06"/>
          <Orientation Type="Matrice">
          -0.951056516295	0.0	0.309016994375
          -0.309016994375	0.0	-0.951056516295
          0.0	-1.0	0.0
          </Orientation>
          <Materiau>matW</Materiau>
        </Obstacle>
        <Obstacle name="drum12cm22">
          <Convex RayonInteraction="5e-05">
            <Box LX="0.012817728" LY="0.12" LZ="0.005"/>
          </Convex>
          <Centre X="0.0889939329893" Y="0.276032707589" Z="0.06"/>
          <Orientation Type="Matrice">
          -0.919527772551	0.0	0.393025031654
          -0.393025031654	0.0	-0.919527772551
          0.0	-1.0	0.0
          </Orientation>
          <Materiau>matW</Materiau>
        </Obstacle>
        <Obstacle name="drum12cm23">
          <Convex RayonInteraction="5e-05">
            <Box LX="0.012817728" LY="0.12" LZ="0.005"/>
          </Convex>
          <Centre X="0.0774737155976" Y="0.27048486329" Z="0.06"/>
          <Orientation Type="Matrice">
          -0.880595531857	0.0	0.473868662473
          -0.473868662473	0.0	-0.880595531857
          0.0	-1.0	0.0
          </Orientation>
          <Materiau>matW</Materiau>
        </Obstacle>
        <Obstacle name="drum12cm24">
          <Convex RayonInteraction="5e-05">
            <Box LX="0.012817728" LY="0.12" LZ="0.005"/>
          </Convex>
          <Centre X="0.0664971801431" Y="0.263926688655" Z="0.06"/>
          <Orientation Type="Matrice">
          -0.834573253721	0.0	0.550896981452
          -0.550896981452	0.0	-0.834573253721
          0.0	-1.0	0.0
          </Orientation>
          <Materiau>matW</Materiau>
        </Obstacle>
        <Obstacle name="drum12cm25">
          <Convex RayonInteraction="5e-05">
            <Box LX="0.012817728" LY="0.12" LZ="0.005"/>
          </Convex>
          <Centre X="0.0561527032351" Y="0.256410986252" Z="0.06"/>
          <Orientation Type="Matrice">
          -0.781831482468	0.0	0.623489801859
          -0.623489801859	0.0	-0.781831482468
          0.0	-1.0	0.0
          </Orientation>
          <Materiau>matW</Materiau>
        </Obstacle>
        <Obstacle name="drum12cm26">
          <Convex RayonInteraction="5e-05">
            <Box LX="0.012817728" LY="0.12" LZ="0.005"/>
          </Convex>
          <Centre X="0.0465235725194" Y="0.247998268095" Z="0.06"/>
          <Orientation Type="Matrice">
          -0.722794863827	0.0	0.691062648987
          -0.691062648987	0.0	-0.722794863827
          0.0	-1.0	0.0
          </Orientation>
          <Materiau>matW</Materiau>
        </Obstacle>
        <Obstacle name="drum12cm27">
          <Convex RayonInteraction="5e-05">
            <Box LX="0.012817728" LY="0.12" LZ="0.005"/>
          </Convex>
          <Centre X="0.0376873160945" Y="0.238756268446" Z="0.06"/>
          <Orientation Type="Matrice">
          -0.65793872594	0.0	0.753071466004
          -0.753071466004	0.0	-0.65793872594
          0.0	-1.0	0.0
          </Orientation>
          <Materiau>matW</Materiau>
        </Obstacle>
        <Obstacle name="drum12cm28">
          <Convex RayonInteraction="5e-05">
            <Box LX="0.012817728" LY="0.12" LZ="0.005"/>
          </Convex>
          <Centre X="0.0297150783016" Y="0.228759398452" Z="0.06"/>
          <Orientation Type="Matrice">
          -0.587785252292	0.0	0.809016994375
          -0.809016994375	0.0	-0.587785252292
          0.0	-1.0	0.0
          </Orientation>
          <Materiau>matW</Materiau>
        </Obstacle>
        <Obstacle name="drum12cm29">
          <Convex RayonInteraction="5e-05">
            <Box LX="0.012817728" LY="0.12" LZ="0.005"/>
          </Convex>
          <Centre X="0.0226710469117" Y="0.21808814703" Z="0.06"/>
          <Orientation Type="Matrice">
          -0.512899277406	0.0	0.858448793602
          -0.858448793602	0.0	-0.512899277406
          0.0	-1.0	0.0
          </Orientation>
          <Materiau>matW</Materiau>
        </Obstacle>
        <Obstacle name="drum12cm30">
          <Convex RayonInteraction="5e-05">
            <Box LX="0.012817728" LY="0.12" LZ="0.005"/>
          </Convex>
          <Centre X="0.0166119363239" Y="0.206828432824" Z="0.06"/>
          <Orientation Type="Matrice">
          -0.433883739118	0.0	0.900968867902
          -0.900968867902	0.0	-0.433883739118
          0.0	-1.0	0.0
          </Orientation>
          <Materiau>matW</Materiau>
        </Obstacle>
        <Obstacle name="drum12cm31">
          <Convex RayonInteraction="5e-05">
            <Box LX="0.012817728" LY="0.12" LZ="0.005"/>
          </Convex>
          <Centre X="0.0115865309338" Y="0.195070912432" Z="0.06"/>
          <Orientation Type="Matrice">
          -0.351374824081	0.0	0.93623487064
          -0.93623487064	0.0	-0.351374824081
          0.0	-1.0	0.0
          </Orientation>
          <Materiau>matW</Materiau>
        </Obstacle>
        <Obstacle name="drum12cm32">
          <Convex RayonInteraction="5e-05">
            <Box LX="0.012817728" LY="0.12" LZ="0.005"/>
          </Convex>
          <Centre X="0.00763529235084" Y="0.182910250493" Z="0.06"/>
          <Orientation Type="Matrice">
          -0.266036845567	0.0	0.963962860696
          -0.963962860696	0.0	-0.266036845567
          0.0	-1.0	0.0
          </Orientation>
          <Materiau>matW</Materiau>
        </Obstacle>
        <Obstacle name="drum12cm33">
          <Convex RayonInteraction="5e-05">
            <Box LX="0.012817728" LY="0.12" LZ="0.005"/>
          </Convex>
          <Centre X="0.0047900336247" Y="0.170444357509" Z="0.06"/>
          <Orientation Type="Matrice">
          -0.178556894799	0.0	0.983929588599
          -0.983929588599	0.0	-0.178556894799
          0.0	-1.0	0.0
          </Orientation>
          <Materiau>matW</Materiau>
        </Obstacle>
        <Obstacle name="drum12cm34">
          <Convex RayonInteraction="5e-05">
            <Box LX="0.012817728" LY="0.12" LZ="0.005"/>
          </Convex>
          <Centre X="0.00307366310568" Y="0.157773601519" Z="0.06"/>
          <Orientation Type="Matrice">
          -0.0896393089034	0.0	0.995974293995
          -0.995974293995	0.0	-0.0896393089034
          0.0	-1.0	0.0
          </Orientation>
          <Materiau>matW</Materiau>
        </Obstacle>
        <Obstacle name="drum12cm35">
          <Convex RayonInteraction="5e-05">
            <Box LX="0.012817728" LY="0.12" LZ="0.005"/>
          </Convex>
          <Centre X="0.0025" Y="0.145" Z="0.06"/>
          <Orientation Type="Matrice">
          -1.22464679915e-16	0.0	1.0
          -1.0	0.0	-1.22464679915e-16
          0.0	-1.0	0.0
          </Orientation>
          <Materiau>matW</Materiau>
        </Obstacle>
        <Obstacle name="drum12cm36">
          <Convex RayonInteraction="5e-05">
            <Box LX="0.012817728" LY="0.12" LZ="0.005"/>
          </Convex>
          <Centre X="0.00307366310568" Y="0.132226398481" Z="0.06"/>
          <Orientation Type="Matrice">
          0.0896393089034	0.0	0.995974293995
          -0.995974293995	0.0	0.0896393089034
          0.0	-1.0	0.0
          </Orientation>
          <Materiau>matW</Materiau>
        </Obstacle>
        <Obstacle name="drum12cm37">
          <Convex RayonInteraction="5e-05">
            <Box LX="0.012817728" LY="0.12" LZ="0.005"/>
          </Convex>
          <Centre X="0.0047900336247" Y="0.119555642491" Z="0.06"/>
          <Orientation Type="Matrice">
          0.178556894799	0.0	0.983929588599
          -0.983929588599	0.0	0.178556894799
          0.0	-1.0	0.0
          </Orientation>
          <Materiau>matW</Materiau>
        </Obstacle>
        <Obstacle name="drum12cm38">
          <Convex RayonInteraction="5e-05">
            <Box LX="0.012817728" LY="0.12" LZ="0.005"/>
          </Convex>
          <Centre X="0.00763529235084" Y="0.107089749507" Z="0.06"/>
          <Orientation Type="Matrice">
          0.266036845567	0.0	0.963962860696
          -0.963962860696	0.0	0.266036845567
          0.0	-1.0	0.0
          </Orientation>
          <Materiau>matW</Materiau>
        </Obstacle>
        <Obstacle name="drum12cm39">
          <Convex RayonInteraction="5e-05">
            <Box LX="0.012817728" LY="0.12" LZ="0.005"/>
          </Convex>
          <Centre X="0.0115865309338" Y="0.0949290875684" Z="0.06"/>
          <Orientation Type="Matrice">
          0.351374824081	0.0	0.93623487064
          -0.93623487064	0.0	0.351374824081
          0.0	-1.0	0.0
          </Orientation>
          <Materiau>matW</Materiau>
        </Obstacle>
        <Obstacle name="drum12cm40">
          <Convex RayonInteraction="5e-05">
            <Box LX="0.012817728" LY="0.12" LZ="0.005"/>
          </Convex>
          <Centre X="0.0166119363239" Y="0.0831715671757" Z="0.06"/>
          <Orientation Type="Matrice">
          0.433883739118	0.0	0.900968867902
          -0.900968867902	0.0	0.433883739118
          0.0	-1.0	0.0
          </Orientation>
          <Materiau>matW</Materiau>
        </Obstacle>
        <Obstacle name="drum12cm41">
          <Convex RayonInteraction="5e-05">
            <Box LX="0.012817728" LY="0.12" LZ="0.005"/>
          </Convex>
          <Centre X="0.0226710469117" Y="0.0719118529697" Z="0.06"/>
          <Orientation Type="Matrice">
          0.512899277406	0.0	0.858448793602
          -0.858448793602	0.0	0.512899277406
          0.0	-1.0	0.0
          </Orientation>
          <Materiau>matW</Materiau>
        </Obstacle>
        <Obstacle name="drum12cm42">
          <Convex RayonInteraction="5e-05">
            <Box LX="0.012817728" LY="0.12" LZ="0.005"/>
          </Convex>
          <Centre X="0.0297150783016" Y="0.0612406015483" Z="0.06"/>
          <Orientation Type="Matrice">
          0.587785252292	0.0	0.809016994375
          -0.809016994375	0.0	0.587785252292
          0.0	-1.0	0.0
          </Orientation>
          <Materiau>matW</Materiau>
        </Obstacle>
        <Obstacle name="drum12cm43">
          <Convex RayonInteraction="5e-05">
            <Box LX="0.012817728" LY="0.12" LZ="0.005"/>
          </Convex>
          <Centre X="0.0376873160945" Y="0.0512437315536" Z="0.06"/>
          <Orientation Type="Matrice">
          0.65793872594	0.0	0.753071466004
          -0.753071466004	0.0	0.65793872594
          0.0	-1.0	0.0
          </Orientation>
          <Materiau>matW</Materiau>
        </Obstacle>
        <Obstacle name="drum12cm44">
          <Convex RayonInteraction="5e-05">
            <Box LX="0.012817728" LY="0.12" LZ="0.005"/>
          </Convex>
          <Centre X="0.0465235725194" Y="0.0420017319046" Z="0.06"/>
          <Orientation Type="Matrice">
          0.722794863827	0.0	0.691062648987
          -0.691062648987	0.0	0.722794863827
          0.0	-1.0	0.0
          </Orientation>
          <Materiau>matW</Materiau>
        </Obstacle>
        <Obstacle name="drum12cm45">
          <Convex RayonInteraction="5e-05">
            <Box LX="0.012817728" LY="0.12" LZ="0.005"/>
          </Convex>
          <Centre X="0.0561527032351" Y="0.0335890137483" Z="0.06"/>
          <Orientation Type="Matrice">
          0.781831482468	0.0	0.623489801859
          -0.623489801859	0.0	0.781831482468
          0.0	-1.0	0.0
          </Orientation>
          <Materiau>matW</Materiau>
        </Obstacle>
        <Obstacle name="drum12cm46">
          <Convex RayonInteraction="5e-05">
            <Box LX="0.012817728" LY="0.12" LZ="0.005"/>
          </Convex>
          <Centre X="0.0664971801431" Y="0.0260733113447" Z="0.06"/>
          <Orientation Type="Matrice">
          0.834573253721	0.0	0.550896981452
          -0.550896981452	0.0	0.834573253721
          0.0	-1.0	0.0
          </Orientation>
          <Materiau>matW</Materiau>
        </Obstacle>
        <Obstacle name="drum12cm47">
          <Convex RayonInteraction="5e-05">
            <Box LX="0.012817728" LY="0.12" LZ="0.005"/>
          </Convex>
          <Centre X="0.0774737155976" Y="0.0195151367104" Z="0.06"/>
          <Orientation Type="Matrice">
          0.880595531857	0.0	0.473868662473
          -0.473868662473	0.0	0.880595531857
          0.0	-1.0	0.0
          </Orientation>
          <Materiau>matW</Materiau>
        </Obstacle>
        <Obstacle name="drum12cm48">
          <Convex RayonInteraction="5e-05">
            <Box LX="0.012817728" LY="0.12" LZ="0.005"/>
          </Convex>
          <Centre X="0.0889939329893" Y="0.0139672924114" Z="0.06"/>
          <Orientation Type="Matrice">
          0.919527772551	0.0	0.393025031654
          -0.393025031654	0.0	0.919527772551
          0.0	-1.0	0.0
          </Orientation>
          <Materiau>matW</Materiau>
        </Obstacle>
        <Obstacle name="drum12cm49">
          <Convex RayonInteraction="5e-05">
            <Box LX="0.012817728" LY="0.12" LZ="0.005"/>
          </Convex>
          <Centre X="0.100965078302" Y="0.00947444642794" Z="0.06"/>
          <Orientation Type="Matrice">
          0.951056516295	0.0	0.309016994375
          -0.309016994375	0.0	0.951056516295
          0.0	-1.0	0.0
          </Orientation>
          <Materiau>matW</Materiau>
        </Obstacle>
        <Obstacle name="drum12cm50">
          <Convex RayonInteraction="5e-05">
            <Box LX="0.012817728" LY="0.12" LZ="0.005"/>
          </Convex>
          <Centre X="0.113290766911" Y="0.00607277251409" Z="0.06"/>
          <Orientation Type="Matrice">
          0.974927912182	0.0	0.222520933956
          -0.222520933956	0.0	0.974927912182
          0.0	-1.0	0.0
          </Orientation>
          <Materiau>matW</Materiau>
        </Obstacle>
        <Obstacle name="drum12cm51">
          <Convex RayonInteraction="5e-05">
            <Box LX="0.012817728" LY="0.12" LZ="0.005"/>
          </Convex>
          <Centre X="0.125871759621" Y="0.00378965894807" Z="0.06"/>
          <Orientation Type="Matrice">
          0.990949761768	0.0	0.134233265818
          -0.134233265818	0.0	0.990949761768
          0.0	-1.0	0.0
          </Orientation>
          <Materiau>matW</Materiau>
        </Obstacle>
        <Obstacle name="drum12cm52">
          <Convex RayonInteraction="5e-05">
            <Box LX="0.012817728" LY="0.12" LZ="0.005"/>
          </Convex>
          <Centre X="0.138606761675" Y="0.00264348801786" Z="0.06"/>
          <Orientation Type="Matrice">
          0.998993066541	0.0	0.0448648303505
          -0.0448648303505	0.0	0.998993066541
          0.0	-1.0	0.0
          </Orientation>
          <Materiau>matW</Materiau>
        </Obstacle>
        <Obstacle name="drum12cm53">
          <Convex RayonInteraction="5e-05">
            <Box LX="0.012817728" LY="0.12" LZ="0.005"/>
          </Convex>
          <Centre X="0.151393238325" Y="0.00264348801786" Z="0.06"/>
          <Orientation Type="Matrice">
          0.998993066541	0.0	-0.0448648303505
          0.0448648303505	0.0	0.998993066541
          0.0	-1.0	0.0
          </Orientation>
          <Materiau>matW</Materiau>
        </Obstacle>
        <Obstacle name="drum12cm54">
          <Convex RayonInteraction="5e-05">
            <Box LX="0.012817728" LY="0.12" LZ="0.005"/>
          </Convex>
          <Centre X="0.164128240379" Y="0.00378965894807" Z="0.06"/>
          <Orientation Type="Matrice">
          0.990949761768	0.0	-0.134233265818
          0.134233265818	0.0	0.990949761768
          0.0	-1.0	0.0
          </Orientation>
          <Materiau>matW</Materiau>
        </Obstacle>
        <Obstacle name="drum12cm55">
          <Convex RayonInteraction="5e-05">
            <Box LX="0.012817728" LY="0.12" LZ="0.005"/>
          </Convex>
          <Centre X="0.176709233089" Y="0.00607277251409" Z="0.06"/>
          <Orientation Type="Matrice">
          0.974927912182	0.0	-0.222520933956
          0.222520933956	0.0	0.974927912182
          0.0	-1.0	0.0
          </Orientation>
          <Materiau>matW</Materiau>
        </Obstacle>
        <Obstacle name="drum12cm56">
          <Convex RayonInteraction="5e-05">
            <Box LX="0.012817728" LY="0.12" LZ="0.005"/>
          </Convex>
          <Centre X="0.189034921698" Y="0.00947444642794" Z="0.06"/>
          <Orientation Type="Matrice">
          0.951056516295	0.0	-0.309016994375
          0.309016994375	0.0	0.951056516295
          0.0	-1.0	0.0
          </Orientation>
          <Materiau>matW</Materiau>
        </Obstacle>
        <Obstacle name="drum12cm57">
          <Convex RayonInteraction="5e-05">
            <Box LX="0.012817728" LY="0.12" LZ="0.005"/>
          </Convex>
          <Centre X="0.201006067011" Y="0.0139672924114" Z="0.06"/>
          <Orientation Type="Matrice">
          0.919527772551	0.0	-0.393025031654
          0.393025031654	0.0	0.919527772551
          0.0	-1.0	0.0
          </Orientation>
          <Materiau>matW</Materiau>
        </Obstacle>
        <Obstacle name="drum12cm58">
          <Convex RayonInteraction="5e-05">
            <Box LX="0.012817728" LY="0.12" LZ="0.005"/>
          </Convex>
          <Centre X="0.212526284402" Y="0.0195151367104" Z="0.06"/>
          <Orientation Type="Matrice">
          0.880595531857	0.0	-0.473868662473
          0.473868662473	0.0	0.880595531857
          0.0	-1.0	0.0
          </Orientation>
          <Materiau>matW</Materiau>
        </Obstacle>
        <Obstacle name="drum12cm59">
          <Convex RayonInteraction="5e-05">
            <Box LX="0.012817728" LY="0.12" LZ="0.005"/>
          </Convex>
          <Centre X="0.223502819857" Y="0.0260733113447" Z="0.06"/>
          <Orientation Type="Matrice">
          0.834573253721	0.0	-0.550896981452
          0.550896981452	0.0	0.834573253721
          0.0	-1.0	0.0
          </Orientation>
          <Materiau>matW</Materiau>
        </Obstacle>
        <Obstacle name="drum12cm60">
          <Convex RayonInteraction="5e-05">
            <Box LX="0.012817728" LY="0.12" LZ="0.005"/>
          </Convex>
          <Centre X="0.233847296765" Y="0.0335890137483" Z="0.06"/>
          <Orientation Type="Matrice">
          0.781831482468	0.0	-0.623489801859
          0.623489801859	0.0	0.781831482468
          0.0	-1.0	0.0
          </Orientation>
          <Materiau>matW</Materiau>
        </Obstacle>
        <Obstacle name="drum12cm61">
          <Convex RayonInteraction="5e-05">
            <Box LX="0.012817728" LY="0.12" LZ="0.005"/>
          </Convex>
          <Centre X="0.243476427481" Y="0.0420017319046" Z="0.06"/>
          <Orientation Type="Matrice">
          0.722794863827	0.0	-0.691062648987
          0.691062648987	0.0	0.722794863827
          0.0	-1.0	0.0
          </Orientation>
          <Materiau>matW</Materiau>
        </Obstacle>
        <Obstacle name="drum12cm62">
          <Convex RayonInteraction="5e-05">
            <Box LX="0.012817728" LY="0.12" LZ="0.005"/>
          </Convex>
          <Centre X="0.252312683906" Y="0.0512437315536" Z="0.06"/>
          <Orientation Type="Matrice">
          0.65793872594	0.0	-0.753071466004
          0.753071466004	0.0	0.65793872594
          0.0	-1.0	0.0
          </Orientation>
          <Materiau>matW</Materiau>
        </Obstacle>
        <Obstacle name="drum12cm63">
          <Convex RayonInteraction="5e-05">
            <Box LX="0.012817728" LY="0.12" LZ="0.005"/>
          </Convex>
          <Centre X="0.260284921698" Y="0.0612406015483" Z="0.06"/>
          <Orientation Type="Matrice">
          0.587785252292	0.0	-0.809016994375
          0.809016994375	0.0	0.587785252292
          0.0	-1.0	0.0
          </Orientation>
          <Materiau>matW</Materiau>
        </Obstacle>
        <Obstacle name="drum12cm64">
          <Convex RayonInteraction="5e-05">
            <Box LX="0.012817728" LY="0.12" LZ="0.005"/>
          </Convex>
          <Centre X="0.267328953088" Y="0.0719118529697" Z="0.06"/>
          <Orientation Type="Matrice">
          0.512899277406	0.0	-0.858448793602
          0.858448793602	0.0	0.512899277406
          0.0	-1.0	0.0
          </Orientation>
          <Materiau>matW</Materiau>
        </Obstacle>
        <Obstacle name="drum12cm65">
          <Convex RayonInteraction="5e-05">
            <Box LX="0.012817728" LY="0.12" LZ="0.005"/>
          </Convex>
          <Centre X="0.273388063676" Y="0.0831715671757" Z="0.06"/>
          <Orientation Type="Matrice">
          0.433883739118	0.0	-0.900968867902
          0.900968867902	0.0	0.433883739118
          0.0	-1.0	0.0
          </Orientation>
          <Materiau>matW</Materiau>
        </Obstacle>
        <Obstacle name="drum12cm66">
          <Convex RayonInteraction="5e-05">
            <Box LX="0.012817728" LY="0.12" LZ="0.005"/>
          </Convex>
          <Centre X="0.278413469066" Y="0.0949290875684" Z="0.06"/>
          <Orientation Type="Matrice">
          0.351374824081	0.0	-0.93623487064
          0.93623487064	0.0	0.351374824081
          0.0	-1.0	0.0
          </Orientation>
          <Materiau>matW</Materiau>
        </Obstacle>
        <Obstacle name="drum12cm67">
          <Convex RayonInteraction="5e-05">
            <Box LX="0.012817728" LY="0.12" LZ="0.005"/>
          </Convex>
          <Centre X="0.282364707649" Y="0.107089749507" Z="0.06"/>
          <Orientation Type="Matrice">
          0.266036845567	0.0	-0.963962860696
          0.963962860696	0.0	0.266036845567
          0.0	-1.0	0.0
          </Orientation>
          <Materiau>matW</Materiau>
        </Obstacle>
        <Obstacle name="drum12cm68">
          <Convex RayonInteraction="5e-05">
            <Box LX="0.012817728" LY="0.12" LZ="0.005"/>
          </Convex>
          <Centre X="0.285209966375" Y="0.119555642491" Z="0.06"/>
          <Orientation Type="Matrice">
          0.178556894799	0.0	-0.983929588599
          0.983929588599	0.0	0.178556894799
          0.0	-1.0	0.0
          </Orientation>
          <Materiau>matW</Materiau>
        </Obstacle>
        <Obstacle name="drum12cm69">
          <Convex RayonInteraction="5e-05">
            <Box LX="0.012817728" LY="0.12" LZ="0.005"/>
          </Convex>
          <Centre X="0.286926336894" Y="0.132226398481" Z="0.06"/>
          <Orientation Type="Matrice">
          0.0896393089034	0.0	-0.995974293995
          0.995974293995	0.0	0.0896393089034
          0.0	-1.0	0.0
          </Orientation>
          <Materiau>matW</Materiau>
        </Obstacle>
        <Obstacle name="drum12cm70">
          <Convex RayonInteraction="5e-05">
            <Box LX="0.012817728" LY="0.12" LZ="0.005"/>
          </Convex>
          <Centre X="0.2875" Y="0.145" Z="0.06"/>
          <Orientation Type="Matrice">
          2.44929359829e-16	0.0	-1.0
          1.0	0.0	2.44929359829e-16
          0.0	-1.0	0.0
          </Orientation>
          <Materiau>matW</Materiau>
        </Obstacle>
      </Composite>
    </Obstacles>
  </Construction>

  <Forces>
    <Gravite GX="0.0" GY="-9.81" GZ="0."/>
  </Forces>

  <Simulation>
    <Temps Debut="0." Fin="2"/>
    <IncreTemps dt="5e-6"/>
    <TempsSave Debut="0." Fin="60." Dt="0.025"/>
    <Fichier>Grains/Init/insert</Fichier>
    <VitesseRelative value="1."/>

    <Insertion Mode="Aleatoire" Configuration="Aleatoire" Aleatoire="Total">
      <Fenetres>
	<Fenetre>
	  <Point X="0.02" Y="0.1" Z="0.00"/>
	  <Point X="0.27" Y="0.2" Z="0.12"/>
	</Fenetre>
	<Fenetre>
	  <Point X="0.08" Y="0.2" Z="0.00"/>
	  <Point X="0.22" Y="0.25" Z="0.12"/>
	</Fenetre>
      </Fenetres>
    </Insertion>
    
    <PostProcessingWriters>
      <Paraview Name="insert" Root="Grains/Init" InitialCycleNumber="1" Mode="binary"/> 
      <PositionVitesse Name="Grains/Init/insert"/>   
    </PostProcessingWriters>        
  </Simulation>
</Grains3D>
